540907,279471857015,(0, 0, 0)
540908,279471890310,(0, 0, 0)
540909,279471923592,(0, 0, 0)
540910,279471956904,(0, 0, 0)
540911,279471990286,(0, 0, 0)
540912,279471998911,(0, 0, 0)
540913,279472007577,(0, 0, 0)
540914,279472016259,(0, 0, 0)
540915,279472024932,(0, 0, 0)
540916,279472033594,(0, 0, 0)
540917,279472042246,(0, 0, 0)
540918,279472050939,(0, 0, 0)
540919,279472059596,(0, 0, 0)
540920,279472068288,(0, 0, 0)
540921,279472076956,(0, 0, 0)
540922,279472085616,(0, 0, 0)
540923,279472094283,(0, 0, 0)
540924,279472102986,(0, 0, 0)
540925,279472111648,(0.597857, -0.0448787, 0.800345)
540926,279472120409,(0.583422, -0.0691697, 0.809219)
540927,279472128952,(0.567993, -0.0936221, 0.817691)
540928,279472137655,(0.545585, -0.107975, 0.831071)
540929,279472146311,(0.52364, -0.132553, 0.841564)
540930,279472155344,(0.501005, -0.144921, 0.853224)
540931,279472163689,(0.477876, -0.153777, 0.864862)
540932,279472172312,(0.45889, -0.160589, 0.87386)
540933,279472180981,(0.438905, -0.165977, 0.883071)
540934,279472189664,(0.418432, -0.173613, 0.891501)
540935,279472198372,(0.398367, -0.185323, 0.898309)
540936,279472207034,(0.381584, -0.182085, 0.906222)
540937,279472215694,(0.365554, -0.189285, 0.91134)
540938,279472224365,(0.350134, -0.195853, 0.915996)
540939,279472233079,(0.33298, -0.203898, 0.920625)
540940,279472241694,(0.317126, -0.213554, 0.924027)
540941,279472250389,(0.301209, -0.222558, 0.927222)
540942,279472259031,(0.284094, -0.230314, 0.930723)
540943,279472267786,(0.267689, -0.236117, 0.934126)
540944,279472276431,(0.252331, -0.241331, 0.937064)
540945,279472285126,(0.239724, -0.243167, 0.939895)
540946,279472293728,(0.225798, -0.245553, 0.942719)
540947,279472302380,(0.213028, -0.243695, 0.946167)
540948,279472311057,(0.201589, -0.240033, 0.949603)
540949,279472319788,(0.188978, -0.233028, 0.953931)
540950,279472328410,(0.176347, -0.22751, 0.957675)
540951,279472337099,(0.165474, -0.224246, 0.960381)
540952,279472345790,(0.154004, -0.221282, 0.962973)
540953,279472354547,(0.144025, -0.218234, 0.96521)
540954,279472363075,(0.134196, -0.217676, 0.966752)
540955,279472371784,(0.124416, -0.217819, 0.968027)
540956,279472380532,(0.115659, -0.216961, 0.969304)
540957,279472389110,(0.106895, -0.216688, 0.970371)
540958,279472397785,(0.0994136, -0.216829, 0.971134)
540959,279472406487,(0.0926353, -0.217325, 0.971694)
540960,279472415265,(0.0870269, -0.217975, 0.972066)
540961,279472423842,(0.0827076, -0.218835, 0.97225)
540962,279472432483,(0.0793581, -0.219825, 0.972306)
540963,279472441158,(0.0768167, -0.221713, 0.972081)
540964,279472449816,(0.0751407, -0.223985, 0.971692)
540965,279472458486,(0.074188, -0.225957, 0.971308)
540966,279472467143,(0.0735445, -0.22965, 0.970491)
540967,279472475951,(0.0737542, -0.233832, 0.969475)
540968,279472484531,(0.0746079, -0.238056, 0.968382)
540969,279472493157,(0.0763055, -0.243741, 0.966834)
540970,279472501857,(0.0790175, -0.251222, 0.964699)
540971,279472510517,(0.0831001, -0.257701, 0.962644)
540972,279472519192,(0.088272, -0.264096, 0.960448)
540973,279472527902,(0.094466, -0.270834, 0.95798)
540974,279472536562,(0.102139, -0.276301, 0.955628)
540975,279472545224,(0.110549, -0.280957, 0.953332)
540976,279472553939,(0.120557, -0.284605, 0.951034)
540977,279472562597,(0.130084, -0.287273, 0.948974)
540978,279472571245,(0.138971, -0.288629, 0.947301)
540979,279472579948,(0.147281, -0.288508, 0.946082)
540980,279472588562,(0.154267, -0.288465, 0.944981)
540981,279472597256,(0.160238, -0.287758, 0.944203)
540982,279472605927,(0.165286, -0.287663, 0.943361)
540983,279472614588,(0.169487, -0.288434, 0.94238)
540984,279472623269,(0.173664, -0.288578, 0.941575)
540985,279472631952,(0.177795, -0.286708, 0.941375)
540986,279472640646,(0.182334, -0.28321, 0.941566)
540987,279472649264,(0.185752, -0.282083, 0.941236)
540988,279472657994,(0.189349, -0.279175, 0.941386)
540989,279472666621,(0.192899, -0.275778, 0.941667)
540990,279472675288,(0.196597, -0.271178, 0.942238)
540991,279472683943,(0.200121, -0.264733, 0.943328)
540992,279472692617,(0.202861, -0.259627, 0.944162)
540993,279472701341,(0.205194, -0.254603, 0.945025)
540994,279472710038,(0.207871, -0.249552, 0.945787)
540995,279472718657,(0.209518, -0.245671, 0.94644)
540996,279472727313,(0.211091, -0.241143, 0.947254)
540997,279472736007,(0.212699, -0.235647, 0.948277)
540998,279472744697,(0.214344, -0.229949, 0.949305)
540999,279472753350,(0.21662, -0.224393, 0.950118)
541000,279472762001,(0.219265, -0.219565, 0.950639)
541001,279472770739,(0.223347, -0.213735, 0.951017)
541002,279472779358,(0.228823, -0.2063, 0.951357)
541003,279472788054,(0.236628, -0.196418, 0.951539)
541004,279472796660,(0.246919, -0.185024, 0.951208)
541005,279472805325,(0.258751, -0.17254, 0.950409)
541006,279472814074,(0.271619, -0.158588, 0.949249)
541007,279472822697,(0.28376, -0.14302, 0.948169)
541008,279472831381,(0.295027, -0.123372, 0.947491)
541009,279472857500,(0.317485, -0.0580226, 0.946487)
541010,279472866091,(0.323473, -0.0329347, 0.945664)
541011,279472874761,(0.332997, 0.0142111, 0.942821)
541012,279472883423,(0.341333, 0.0715164, 0.937218)
541013,279472892063,(0.347942, 0.132779, 0.928066)
541014,279472900798,(0.350795, 0.196695, 0.915562)
541015,279472909487,(0.350795, 0.260734, 0.899422)
541016,279472918088,(0.348851, 0.322748, 0.87985)
541017,279472926837,(0.344541, 0.383343, 0.856936)
541018,279472935454,(0.33878, 0.444799, 0.829085)
541019,279472944152,(0.330182, 0.509683, 0.794483)
541020,279472952822,(0.319255, 0.5728, 0.754968)
541021,279472961614,(0.304948, 0.636044, 0.70884)
541022,279472970114,(0.287885, 0.693925, 0.659993)
541023,279472978851,(0.269764, 0.747451, 0.607079)
541024,279472987505,(0.249025, 0.793754, 0.554925)
541025,279472996108,(0.229761, 0.828878, 0.51007)
541026,279473004811,(0.212067, 0.858227, 0.467411)
541027,279473013503,(0.195447, 0.883003, 0.426739)
541028,279473022107,(0.178395, 0.906454, 0.382775)
541029,279473030797,(0.162341, 0.924969, 0.343625)
541030,279473039483,(0.14943, 0.937867, 0.31317)
541031,279473048175,(0.136389, 0.949392, 0.282937)
541032,279473056870,(0.125531, 0.958098, 0.25747)
541033,279473065527,(0.116328, 0.964807, 0.235829)
541034,279473074185,(0.109009, 0.969713, 0.218571)
541035,279473082845,(0.103215, 0.973403, 0.204533)
541036,279473091553,(0.0983401, 0.97619, 0.193345)
541037,279473100316,(0.0953549, 0.977857, 0.186285)
541038,279473108895,(0.0949543, 0.978292, 0.184199)
541039,279473117590,(0.0961337, 0.978126, 0.184466)
541040,279473126245,(0.101275, 0.976583, 0.189814)
541041,279473134910,(0.110237, 0.97326, 0.201526)
541042,279473143540,(0.130814, 0.965223, 0.226344)
541043,279473152275,(0.160026, 0.94964, 0.269399)
541044,279473160922,(0.194901, 0.924781, 0.326793)
541045,279473169574,(0.228627, 0.892465, 0.38889)
541046,279473178524,(0.260316, 0.852411, 0.453466)
541047,279473186894,(0.287588, 0.810181, 0.510784)
541048,279473195601,(0.315233, 0.757072, 0.57225)
541049,279473204295,(0.341251, 0.69487, 0.633011)
541050,279473212910,(0.361602, 0.627723, 0.689354)
541051,279473221643,(0.377249, 0.553295, 0.742662)
541052,279473230306,(0.387748, 0.477202, 0.788626)
541053,279473238961,(0.393935, 0.400835, 0.827131)
541054,279473247621,(0.396054, 0.33127, 0.856388)
541055,279473256342,(0.394574, 0.263734, 0.880202)
541056,279473264992,(0.39022, 0.211019, 0.896214)
541057,279473273617,(0.385123, 0.156488, 0.909501)
541058,279473282339,(0.379214, 0.0969575, 0.920215)
541059,279473290975,(0.371336, 0.0401349, 0.927631)
541060,279473299682,(0.363336, -0.00484004, 0.931646)
541061,279473308357,(0.355721, -0.0505811, 0.933222)
541062,279473317005,(0.348049, -0.090062, 0.93314)
541063,279473325675,(0.341276, -0.121187, 0.932118)
541064,279473334338,(0.334935, -0.150741, 0.930105)
541065,279473343000,(0.327267, -0.181789, 0.92728)
541066,279473351695,(0.318842, -0.215218, 0.92305)
541067,279473360333,(0.309857, -0.246117, 0.918376)
541068,279473369027,(0.301495, -0.273909, 0.913277)
541069,279473377714,(0.292677, -0.299814, 0.907993)
541070,279473386361,(0.284613, -0.320736, 0.903396)
541071,279473395031,(0.276839, -0.339565, 0.898919)
541072,279473403706,(0.269545, -0.357442, 0.894193)
541073,279473412443,(0.26265, -0.373467, 0.889684)
541074,279473421121,(0.255486, -0.389049, 0.885081)
541075,279473429732,(0.249683, -0.400894, 0.881444)
541076,279473438409,(0.245215, -0.410213, 0.878405)
541077,279473447091,(0.242189, -0.416164, 0.876443)
541078,279473455706,(0.240834, -0.418995, 0.875467)
541079,279473464452,(0.240972, -0.419, 0.875426)
541080,279473473046,(0.241422, -0.417993, 0.875784)
541081,279473481748,(0.242222, -0.415831, 0.876592)
541082,279473490441,(0.243536, -0.412048, 0.878013)
541083,279473499116,(0.244612, -0.40715, 0.879997)
541084,279473507791,(0.245848, -0.401536, 0.882229)
541085,279473516456,(0.247011, -0.394988, 0.884856)
541086,279473525118,(0.247527, -0.387733, 0.887915)
541087,279473533760,(0.247878, -0.380771, 0.890825)
541088,279473542466,(0.248164, -0.372623, 0.894185)
541089,279473551107,(0.248661, -0.362938, 0.898022)
541090,279473559813,(0.249515, -0.350881, 0.902566)
541091,279473568461,(0.250935, -0.337043, 0.907432)
541092,279473577139,(0.254713, -0.317527, 0.913399)
541093,279473585842,(0.261927, -0.288056, 0.921096)
541094,279473594521,(0.272155, -0.249861, 0.929248)
541095,279473603119,(0.285242, -0.199465, 0.93747)
541096,279473611819,(0.299533, -0.140142, 0.943737)
541097,279473620605,(0.313115, -0.0753132, 0.946724)
541098,279473629265,(0.325, -0.00122964, 0.945713)
541099,279473637914,(0.333854, 0.083975, 0.938877)
541100,279473646509,(0.339868, 0.178356, 0.923406)
541101,279473655265,(0.343638, 0.273918, 0.898266)
541102,279473663903,(0.343009, 0.36505, 0.865496)
541103,279473672512,(0.337148, 0.447565, 0.828261)
541104,279473681199,(0.327758, 0.526225, 0.784641)
541105,279473689860,(0.313823, 0.601487, 0.734662)
541106,279473698549,(0.295281, 0.673152, 0.677994)
541107,279473707268,(0.27475, 0.731887, 0.623581)
541108,279473715894,(0.252862, 0.783486, 0.567636)
541109,279473724597,(0.231356, 0.825627, 0.514602)
541110,279473733235,(0.211444, 0.859441, 0.46546)
541111,279473741868,(0.192959, 0.885564, 0.422544)
541112,279473750531,(0.174877, 0.907647, 0.381569)
541113,279473759253,(0.156081, 0.927678, 0.339193)
541114,279473767918,(0.140402, 0.941329, 0.306898)
541115,279473776592,(0.127918, 0.951071, 0.281248)
541116,279473785271,(0.116678, 0.959363, 0.256922)
541117,279473793945,(0.107281, 0.965684, 0.236529)
541118,279473802663,(0.100288, 0.97006, 0.221192)
541119,279473811289,(0.096355, 0.973042, 0.209537)
541120,279473820055,(0.0958647, 0.97459, 0.202445)
541121,279473828628,(0.0989755, 0.974565, 0.201066)
541122,279473837294,(0.103583, 0.97355, 0.203642)
541123,279473846017,(0.109237, 0.971976, 0.208159)
541124,279473854684,(0.118443, 0.969235, 0.215764)
541125,279473863354,(0.13323, 0.963388, 0.232665)
541126,279473871982,(0.157059, 0.951635, 0.264053)
541127,279473880695,(0.1858, 0.933433, 0.306888)
541128,279473889374,(0.216438, 0.9089, 0.356448)
541129,279473897978,(0.249061, 0.875729, 0.413603)
541130,279473906701,(0.27888, 0.837118, 0.470595)
541131,279473915320,(0.306203, 0.792068, 0.52808)
541132,279473923943,(0.330648, 0.738626, 0.587455)
541133,279473932702,(0.353511, 0.673805, 0.648858)
541134,279473958719,(0.395675, 0.476632, 0.785025)
541135,279473967384,(0.400345, 0.408014, 0.820517)
541136,279473976083,(0.401933, 0.3303, 0.854021)
541137,279473984692,(0.400033, 0.253266, 0.880812)
541138,279473993370,(0.394517, 0.177683, 0.901546)
541139,279474002079,(0.386643, 0.110505, 0.915585)
541140,279474010737,(0.378164, 0.0542493, 0.924147)
541141,279474019407,(0.367636, 0.00275276, 0.929966)
541142,279474028090,(0.355227, -0.051197, 0.933377)
541143,279474036752,(0.344944, -0.0891378, 0.934381)
541144,279474045403,(0.335887, -0.12212, 0.933952)
541145,279474054155,(0.327504, -0.156154, 0.931857)
541146,279474062792,(0.317318, -0.197736, 0.927475)
541147,279474071430,(0.305815, -0.242434, 0.920708)
541148,279474080124,(0.295918, -0.279155, 0.913512)
541149,279474088846,(0.287289, -0.311382, 0.905818)
541150,279474097413,(0.279325, -0.339127, 0.898315)
541151,279474106079,(0.272939, -0.361117, 0.891683)
541152,279474114789,(0.266752, -0.381502, 0.885042)
541153,279474123407,(0.260129, -0.400454, 0.878618)
541154,279474132231,(0.252641, -0.419592, 0.871846)
541155,279474140843,(0.246673, -0.435627, 0.865669)
541156,279474149477,(0.241484, -0.44815, 0.860725)
541157,279474158228,(0.236584, -0.459269, 0.856213)
541158,279474166802,(0.232006, -0.468995, 0.852184)
541159,279474175512,(0.227041, -0.479122, 0.847876)
541160,279474184187,(0.222576, -0.488798, 0.843526)
541161,279474192843,(0.218691, -0.496501, 0.840036)
541162,279474201504,(0.216144, -0.501626, 0.837647)
541163,279474210154,(0.213946, -0.505677, 0.835774)
541164,279474218809,(0.211727, -0.5093, 0.834137)
541165,279474227580,(0.209271, -0.51351, 0.832174)
541166,279474236216,(0.205962, -0.5188, 0.829714)
541167,279474244995,(0.201863, -0.525072, 0.826771)
541168,279474253495,(0.197237, -0.53138, 0.823853)
541169,279474262189,(0.193328, -0.536872, 0.821214)
541170,279474270855,(0.190015, -0.541098, 0.819211)
541171,279474279557,(0.187861, -0.543709, 0.817979)
541172,279474288264,(0.186864, -0.545089, 0.817288)
541173,279474296888,(0.205526, -0.509135, 0.835787)
541174,279474305567,(0.207143, -0.503311, 0.83891)
541175,279474314229,(0.207254, -0.503528, 0.838753)
541176,279474322892,(0.205999, -0.505588, 0.837822)
541177,279474331688,(0.204668, -0.507401, 0.837052)
541178,279474340250,(0.20325, -0.508777, 0.836562)
541179,279474348932,(0.202292, -0.509237, 0.836514)
541180,279474357589,(0.20074, -0.51033, 0.836221)
541181,279474366284,(0.197893, -0.512888, 0.835335)
541182,279474374991,(0.194341, -0.516438, 0.83398)
541183,279474383564,(0.191927, -0.519487, 0.832645)
541184,279474392251,(0.190499, -0.521849, 0.831495)
541185,279474400946,(0.189523, -0.52357, 0.830636)
541186,279474409631,(0.188667, -0.525198, 0.829802)
541187,279474418317,(0.18717, -0.527935, 0.828403)
541188,279474426985,(0.184716, -0.531814, 0.826471)
541189,279474435652,(0.183875, -0.534053, 0.825213)
541190,279474444329,(0.181772, -0.538648, 0.822689)
541191,279474453032,(0.177846, -0.545536, 0.819)
541192,279474461655,(0.174091, -0.550957, 0.816173)
541193,279474478987,(0.179016, -0.544744, 0.819273)
541194,279474487706,(0.180521, -0.541621, 0.821011)
541195,279474496369,(0.182014, -0.537063, 0.823671)
541196,279474505078,(0.182865, -0.537915, 0.822927)
541197,279474513717,(0.186548, -0.537351, 0.822468)
541198,279474522363,(0.190599, -0.534947, 0.823106)
541199,279474531071,(0.194992, -0.528583, 0.826183)
541200,279474539783,(0.200128, -0.520979, 0.829777)
541201,279474548343,(0.203836, -0.514874, 0.83268)
541202,279474557012,(0.203404, -0.515762, 0.832236)
541203,279474565740,(0.203165, -0.517557, 0.831179)
541204,279474574341,(0.20441, -0.515443, 0.832187)
541205,279474583069,(0.196239, -0.514518, 0.834722)
541206,279474591717,(0.184234, -0.519321, 0.834484)
541207,279474600475,(0.170113, -0.526156, 0.833199)
541208,279474609036,(0.160161, -0.528602, 0.833624)
541209,279474617757,(0.152991, -0.529717, 0.834262)
541210,279474626427,(0.147467, -0.530768, 0.834589)
541211,279474635059,(0.142814, -0.530591, 0.83551)
541212,279474643747,(0.137289, -0.529693, 0.837005)
541213,279474652410,(0.130469, -0.529544, 0.838189)
541214,279474661189,(0.1242, -0.528315, 0.839915)
541215,279474669822,(0.117482, -0.527974, 0.841095)
541216,279474678476,(0.112064, -0.524949, 0.843724)
541217,279474687192,(0.10798, -0.520088, 0.847259)
541218,279474695830,(0.105634, -0.514663, 0.85086)
541219,279474704454,(0.100925, -0.512172, 0.852933)
541220,279474713140,(0.0977023, -0.506562, 0.85665)
541221,279474721815,(0.0952113, -0.506062, 0.857226)
541222,279474730489,(0.0943769, -0.499698, 0.861043)
541223,279474739152,(0.0947521, -0.487589, 0.867917)
541224,279474747787,(0.0937588, -0.483099, 0.870531)
541225,279474756498,(0.094116, -0.477226, 0.873726)
541226,279474765175,(0.0922179, -0.478369, 0.873303)
541227,279474773815,(0.087829, -0.484608, 0.870311)
541228,279474782501,(0.0805856, -0.495864, 0.864653)
541229,279474791216,(0.0734515, -0.506094, 0.859345)
541230,279474799848,(0.0683603, -0.512443, 0.855996)
541231,279474808529,(0.0681646, -0.511992, 0.856281)
541232,279474817222,(0.0723599, -0.50602, 0.859481)
541233,279474825894,(0.078396, -0.497467, 0.863933)
541234,279474834612,(0.0860689, -0.488246, 0.868451)
541235,279474843200,(0.0945833, -0.480241, 0.872022)
541236,279474851879,(0.103424, -0.471286, 0.875895)
541237,279474860630,(0.113822, -0.460958, 0.880092)
541238,279474869215,(0.128642, -0.444831, 0.886327)
541239,279474877881,(0.141409, -0.433604, 0.889939)
541240,279474886572,(0.15126, -0.424292, 0.892803)
541241,279474895252,(0.157658, -0.421802, 0.892876)
541242,279474903887,(0.161997, -0.423008, 0.891527)
541243,279474912568,(0.166024, -0.423946, 0.89034)
541244,279474921348,(0.172272, -0.418277, 0.891834)
541245,279474929967,(0.17599, -0.420987, 0.88983)
541246,279474938622,(0.179409, -0.424715, 0.887372)
541247,279474947302,(0.182029, -0.431205, 0.883701)
541248,279474956031,(0.183505, -0.440678, 0.878709)
541249,279474964632,(0.184116, -0.45697, 0.870218)
541250,279474973274,(0.183424, -0.478559, 0.858683)
541251,279474981964,(0.182839, -0.497176, 0.848166)
541252,279474990606,(0.183183, -0.510092, 0.840387)
541253,279474999293,(0.182918, -0.522247, 0.832946)
541254,279475007996,(0.181301, -0.537534, 0.823521)
541255,279475016686,(0.17956, -0.554042, 0.812893)
541256,279475025333,(0.178125, -0.56802, 0.803508)
541257,279475034003,(0.178325, -0.575336, 0.798241)
541258,279475059984,(0.179766, -0.579789, 0.794688)
541259,279475068771,(0.180597, -0.579925, 0.7944)
541260,279475077398,(0.181927, -0.579831, 0.794165)
541261,279475086013,(0.183476, -0.579159, 0.794299)
541262,279475094680,(0.185383, -0.578019, 0.794687)
541263,279475103367,(0.186729, -0.577674, 0.794622)
541264,279475112061,(0.187654, -0.578553, 0.793765)
541265,279475120649,(0.189348, -0.577725, 0.793965)
541266,279475129360,(0.191505, -0.575923, 0.794757)
541267,279475138083,(0.190246, -0.582435, 0.790301)
541268,279475146723,(0.189747, -0.588772, 0.785712)
541269,279475155453,(0.18558, -0.603383, 0.775557)
541270,279475164136,(0.182268, -0.618015, 0.764746)
541271,279475172772,(0.182261, -0.627878, 0.756671)
541272,279475181383,(0.185275, -0.629326, 0.754734)
541273,279475190270,(0.190912, -0.629011, 0.75359)
541274,279475198732,(0.195422, -0.631495, 0.750349)
541275,279475207428,(0.198805, -0.634678, 0.746766)
541276,279475216095,(0.198012, -0.642399, 0.740348)
541277,279475224796,(0.198486, -0.642515, 0.74012)
541278,279475233417,(0.20017, -0.636968, 0.744448)
541279,279475242225,(0.204891, -0.626056, 0.752378)
541280,279475250785,(0.209131, -0.615813, 0.759631)
541281,279475259462,(0.212857, -0.605836, 0.766587)
541282,279475268113,(0.217699, -0.595801, 0.773064)
541283,279475276826,(0.222174, -0.586732, 0.778707)
541284,279475285470,(0.225014, -0.581219, 0.782018)
541285,279475294121,(0.223478, -0.577403, 0.785279)
541286,279475302959,(0.21846, -0.578103, 0.786176)
541287,279475311465,(0.208441, -0.583251, 0.785093)
541288,279475320138,(0.200273, -0.587384, 0.784137)
541289,279475328818,(0.192521, -0.590871, 0.783458)
541290,279475337566,(0.18537, -0.593198, 0.783425)
541291,279475346200,(0.181058, -0.59266, 0.784839)
541292,279475354913,(0.178171, -0.591469, 0.786397)
541293,279475363521,(0.17566, -0.589962, 0.788092)
541294,279475372190,(0.170626, -0.590338, 0.788916)
541295,279475380878,(0.165506, -0.589883, 0.790345)
541296,279475389526,(0.160386, -0.589926, 0.791368)
541297,279475398160,(0.156015, -0.589433, 0.792609)
541298,279475406857,(0.151086, -0.590447, 0.792808)
541299,279475415627,(0.147331, -0.590093, 0.793778)
541300,279475424178,(0.144739, -0.587906, 0.795875)
541301,279475432846,(0.142406, -0.585368, 0.798164)
541302,279475441543,(0.135892, -0.585461, 0.79923)
541303,279475450243,(0.130182, -0.58533, 0.800275)
541304,279475458924,(0.127598, -0.580131, 0.804467)
541305,279475467618,(0.125089, -0.57512, 0.808449)
541306,279475476314,(0.121964, -0.570592, 0.812126)
541307,279475484953,(0.120128, -0.565479, 0.815967)
541308,279475493567,(0.121281, -0.555168, 0.822849)
541309,279475502260,(0.117825, -0.553075, 0.824758)
541310,279475511000,(0.112692, -0.555692, 0.823715)
541311,279475519631,(0.107401, -0.560708, 0.821019)
541312,279475528284,(0.104357, -0.567606, 0.81666)
541313,279475536969,(0.102715, -0.568868, 0.815989)
541314,279475545639,(0.10118, -0.562872, 0.820328)
541315,279475554298,(0.104589, -0.547801, 0.830045)
541316,279475562938,(0.108706, -0.533109, 0.839034)
541317,279475571611,(0.117005, -0.5144, 0.849531)
541318,279475580316,(0.132158, -0.484564, 0.864715)
541319,279475589096,(0.150433, -0.456726, 0.876796)
541320,279475597630,(0.166155, -0.432238, 0.88632)
541321,279475606349,(0.178623, -0.414761, 0.892226)
541322,279475615126,(0.188921, -0.399545, 0.897036)
541323,279475623693,(0.198237, -0.387815, 0.900167)
541324,279475632283,(0.205118, -0.383826, 0.900336)
541325,279475641005,(0.211912, -0.38333, 0.898972)
541326,279475649657,(0.220821, -0.380651, 0.897966)
541327,279475658375,(0.229401, -0.379217, 0.89642)
541328,279475667033,(0.235277, -0.383379, 0.893121)
541329,279475675692,(0.240006, -0.389807, 0.889071)
541330,279475684379,(0.244362, -0.395801, 0.885228)
541331,279475693050,(0.248537, -0.401829, 0.881342)
541332,279475701644,(0.25252, -0.408293, 0.877229)
541333,279475710340,(0.256645, -0.41333, 0.873665)
541334,279475719067,(0.259931, -0.420649, 0.86919)
541335,279475727735,(0.262663, -0.428199, 0.86467)
541336,279475736387,(0.265517, -0.431341, 0.862233)
541337,279475745076,(0.268364, -0.433206, 0.860415)
541338,279475753744,(0.271357, -0.43437, 0.858887)
541339,279475762408,(0.274061, -0.437057, 0.856663)
541340,279475771056,(0.276608, -0.440084, 0.854292)
541341,279475779753,(0.278825, -0.443561, 0.851769)
541342,279475788414,(0.280883, -0.446665, 0.849467)
541343,279475797095,(0.282514, -0.449788, 0.847276)
541344,279475805789,(0.28381, -0.45216, 0.845578)
541345,279475814453,(0.285229, -0.454794, 0.843687)
541346,279475823184,(0.286851, -0.456851, 0.842023)
541347,279475831729,(0.28831, -0.458668, 0.840536)
541348,279475840408,(0.289595, -0.46032, 0.83919)
541349,279475849148,(0.290817, -0.461752, 0.83798)
541350,279475857851,(0.292412, -0.46212, 0.837222)
541351,279475866472,(0.293748, -0.462339, 0.836633)
541352,279475875125,(0.294863, -0.463232, 0.835746)
541353,279475883809,(0.295904, -0.464069, 0.834914)
541354,279475892434,(0.296689, -0.464973, 0.834132)
541355,279475901157,(0.296976, -0.46668, 0.833075)
541356,279475909887,(0.297408, -0.468405, 0.831952)
541357,279475918484,(0.297612, -0.470226, 0.830852)
541358,279475927247,(0.297446, -0.472447, 0.82965)
541359,279475935846,(0.297156, -0.474388, 0.828646)
541360,279475944492,(0.296123, -0.477278, 0.827355)
541361,279475953220,(0.29518, -0.479912, 0.826168)
541362,279475961851,(0.29445, -0.482264, 0.825058)
541363,279475970536,(0.293558, -0.484555, 0.824033)
541364,279475979231,(0.292642, -0.486709, 0.823088)
541365,279475987914,(0.292129, -0.487836, 0.822604)
541366,279475996552,(0.291445, -0.489666, 0.821758)
541367,279476005177,(0.29103, -0.490997, 0.821111)
541368,279476013936,(0.290385, -0.492447, 0.820471)
541369,279476022540,(0.291113, -0.492636, 0.820099)
541370,279476031236,(0.291917, -0.492258, 0.820041)
541371,279476039926,(0.293255, -0.491247, 0.82017)
541372,279476048594,(0.295605, -0.488692, 0.820852)
541373,279476057265,(0.297431, -0.486324, 0.821598)
541374,279476065908,(0.299182, -0.483565, 0.82259)
541375,279476074620,(0.300949, -0.480079, 0.823986)
541376,279476083260,(0.302907, -0.475997, 0.825636)
541377,279476091898,(0.30482, -0.470564, 0.828042)
541378,279476100614,(0.306948, -0.462635, 0.831716)
541379,279476109261,(0.308392, -0.453963, 0.83595)
541380,279476117942,(0.310774, -0.442898, 0.840988)
541381,279476126625,(0.312938, -0.431189, 0.846254)
541382,279476135271,(0.314943, -0.418093, 0.852062)
541383,279476161415,(0.32191, -0.381386, 0.866556)
541384,279476169944,(0.323984, -0.36893, 0.871163)
541385,279476178699,(0.326922, -0.345747, 0.879535)
541386,279476187307,(0.329633, -0.321145, 0.887811)
541387,279476196031,(0.333035, -0.295101, 0.895546)
541388,279476204669,(0.336645, -0.269566, 0.902222)
541389,279476213316,(0.341852, -0.241516, 0.908189)
541390,279476221962,(0.346667, -0.212165, 0.913678)
541391,279476230709,(0.351659, -0.180902, 0.918483)
541392,279476239366,(0.357686, -0.140196, 0.923258)
541393,279476248147,(0.364435, -0.0910423, 0.926768)
541394,279476256781,(0.373895, -0.0422558, 0.926508)
541395,279476265422,(0.384975, 0.00918251, 0.922881)
541396,279476274036,(0.405135, 0.0713887, 0.911465)
541397,279476282706,(0.433836, 0.134039, 0.890965)
541398,279476291361,(0.464257, 0.190834, 0.864897)
541399,279476300042,(0.496634, 0.244097, 0.832929)
541400,279476308711,(0.5325, 0.291521, 0.794644)
541401,279476317389,(0.574229, 0.311778, 0.757004)
541402,279476326134,(0.608637, 0.311204, 0.729872)
541403,279476334733,(0.640719, 0.31771, 0.698956)
541404,279476343468,(0.67669, 0.289263, 0.677065)
541405,279476352070,(0.704468, 0.278632, 0.652755)
541406,279476360759,(0.740716, 0.259178, 0.619812)
541407,279476369406,(0.792423, 0.259289, 0.552119)
541408,279476378115,(0.869264, 0.220467, 0.442465)
541409,279476386815,(0.925393, 0.13658, 0.353545)
541410,279476395440,(0.94916, 0.068312, 0.307292)
541411,279476404148,(0.958451, 0.0049211, 0.285216)
541412,279476412814,(0.960604, -0.0464195, 0.274018)
541413,279476421497,(0.957931, -0.100645, 0.268772)
541414,279476430134,(0.94831, -0.164578, 0.271335)
541415,279476438854,(0.919474, -0.212402, 0.330837)
541416,279476447470,(0.897199, -0.260335, 0.356734)
541417,279476456297,(0.874468, -0.311646, 0.371729)
541418,279476464817,(0.846734, -0.359371, 0.392294)
541419,279476473462,(0.81251, -0.407386, 0.416971)
541420,279476482128,(0.778726, -0.444776, 0.442448)
541421,279476490866,(0.744319, -0.476395, 0.468014)
541422,279476499448,(0.710237, -0.496976, 0.498576)
541423,279476508234,(0.674444, -0.511358, 0.532576)
541424,279476516932,(0.636537, -0.518163, 0.571251)
541425,279476525545,(0.599409, -0.520064, 0.608475)
541426,279476534204,(0.561184, -0.506218, 0.65484)
541427,279476542798,(0.523773, -0.482882, 0.701774)
541428,279476551532,(0.490052, -0.454846, 0.743616)
541429,279476560239,(0.457185, -0.424952, 0.781279)
541430,279476568873,(0.428725, -0.395677, 0.812179)
541431,279476577580,(0.401443, -0.362311, 0.841174)
541432,279476586264,(0.379237, -0.327004, 0.865591)
541433,279476594974,(0.360861, -0.295105, 0.884699)
541434,279476603572,(0.340888, -0.27074, 0.900275)
541435,279476612237,(0.32328, -0.248679, 0.913044)
541436,279476620906,(0.308218, -0.227016, 0.923832)
541437,279476629687,(0.294283, -0.206064, 0.933239)
541438,279476638250,(0.283683, -0.185393, 0.940826)
541439,279476646943,(0.274295, -0.1645, 0.947471)
541440,279476655582,(0.268513, -0.146073, 0.952136)
541441,279476664254,(0.262961, -0.13051, 0.955939)
541442,279476672984,(0.260844, -0.117637, 0.958187)
541443,279476681590,(0.259128, -0.103535, 0.960278)
541444,279476690367,(0.259853, -0.0931962, 0.96114)
541445,279476698896,(0.260115, -0.0853219, 0.9618)
541446,279476707649,(0.260858, -0.076802, 0.962317)
541447,279476716361,(0.262486, -0.0733964, 0.96214)
541448,279476725017,(0.264336, -0.0698547, 0.961898)
541449,279476733644,(0.266425, -0.065623, 0.961619)
541450,279476742315,(0.26844, -0.0620984, 0.961293)
541451,279476750968,(0.270372, -0.0569824, 0.961068)
541452,279476759654,(0.272397, -0.0527445, 0.960738)
541453,279476768296,(0.27403, -0.0501195, 0.960414)
541454,279476776997,(0.275871, -0.0476891, 0.960011)
541455,279476785669,(0.277804, -0.0450605, 0.95958)
541456,279476794355,(0.279627, -0.0437507, 0.959112)
541457,279476803012,(0.281287, -0.0434062, 0.958642)
541458,279476811692,(0.282986, -0.0437075, 0.958128)
541459,279476820341,(0.284704, -0.0443196, 0.95759)
541460,279476829031,(0.286153, -0.0451756, 0.957119)
541461,279476837711,(0.28778, -0.0451519, 0.956631)
541462,279476846357,(0.289393, -0.0452123, 0.956142)
541463,279476855054,(0.290471, -0.0455646, 0.955798)
541464,279476863719,(0.291371, -0.0457906, 0.955514)
541465,279476872465,(0.292109, -0.0462733, 0.955265)
541466,279476881081,(0.292782, -0.0466339, 0.955041)
541467,279476889930,(0.293279, -0.0470161, 0.95487)
541468,279476898404,(0.293703, -0.0472332, 0.954729)
541469,279476907156,(0.294437, -0.0484049, 0.954444)
541470,279476915792,(0.295044, -0.0492691, 0.954213)
541471,279476924364,(0.295494, -0.0499754, 0.954037)
541472,279476933061,(0.295776, -0.0507314, 0.953909)
541473,279476941698,(0.295972, -0.0518657, 0.953788)
541474,279476950455,(0.296013, -0.0530942, 0.953707)
541475,279476959039,(0.295993, -0.054245, 0.953649)
541476,279476967776,(0.295784, -0.0552372, 0.953656)
541477,279476976442,(0.295428, -0.0572058, 0.953651)
541478,279476985087,(0.294811, -0.0604779, 0.95364)
541479,279476993754,(0.294084, -0.0652387, 0.95355)
541480,279477002443,(0.294305, -0.0748326, 0.952777)
541481,279477011152,(0.295025, -0.0885035, 0.951382)
541482,279477019781,(0.295264, -0.103703, 0.949771)
541483,279477028422,(0.296366, -0.125693, 0.946767)
541484,279477037139,(0.298605, -0.150087, 0.942501)
541485,279477045818,(0.304403, -0.176518, 0.936045)
541486,279477054480,(0.313826, -0.204194, 0.927264)
541487,279477063229,(0.332974, -0.243338, 0.910997)
541488,279477071944,(0.358782, -0.289756, 0.887309)
541489,279477080526,(0.397025, -0.322799, 0.859169)
541490,279477089160,(0.428263, -0.34007, 0.837223)
541491,279477097835,(0.445132, -0.336173, 0.829967)
541492,279477106513,(0.463719, -0.34045, 0.81796)
541493,279477115218,(0.539056, -0.347443, 0.767269)
541494,279477123864,(0.796168, -0.501009, 0.339274)
541495,279477132518,(0.870152, -0.492697, -0.00925678)
541496,279477141266,(0.881047, -0.408722, -0.238121)
541497,279477149906,(0.868394, -0.330368, -0.369797)
541498,279477159207,(0.856957, -0.255739, -0.447462)
541499,279477167265,(0.855374, -0.18639, -0.483316)
541500,279477175896,(0.971172, 0.0361811, -0.235619)
541501,279477184606,(0.994243, 0.107079, -0.00393792)
541502,279477193238,(0.977723, 0.11367, 0.176454)
541503,279477201927,(0.949688, 0.0160299, 0.312788)
541504,279477210590,(0.918398, -0.0352416, 0.394085)
541505,279477219239,(0.891752, -0.111468, 0.438582)
541506,279477227936,(0.870705, -0.184111, 0.456044)
541507,279477236610,(0.860245, -0.237705, 0.451082)
541508,279477262618,(0.870999, -0.298813, 0.389963)
541509,279477271283,(0.877632, -0.29937, 0.374352)
541510,279477279961,(0.890501, -0.276977, 0.360958)
541511,279477288632,(0.900086, -0.259342, 0.350123)
541512,279477297327,(0.909859, -0.239926, 0.338515)
541513,279477305984,(0.917016, -0.225937, 0.328685)
541514,279477314717,(0.923918, -0.218116, 0.314327)
541515,279477323325,(0.93032, -0.205918, 0.303484)
541516,279477331984,(0.933891, -0.192943, 0.301034)
541517,279477340661,(0.937101, -0.187081, 0.294692)
541518,279477349375,(0.939748, -0.182678, 0.288968)
541519,279477358041,(0.94109, -0.173667, 0.290153)
541520,279477366675,(0.940028, -0.153542, 0.304585)
541521,279477375341,(0.936106, -0.115024, 0.332378)
541522,279477384069,(0.929297, -0.104994, 0.354096)
541523,279477392692,(0.917291, -0.0812671, 0.389836)
541524,279477401363,(0.902638, -0.0600071, 0.426197)
541525,279477410056,(0.883786, -0.0388083, 0.466279)
541526,279477418724,(0.860891, -0.0202779, 0.508386)
541527,279477427379,(0.835403, 0.00557826, 0.549609)
541528,279477436004,(0.800087, 0.0342754, 0.598904)
541529,279477444660,(0.762154, 0.0655271, 0.644071)
541530,279477453414,(0.723458, 0.0706896, 0.68674)
541531,279477462040,(0.678959, 0.0691201, 0.730915)
541532,279477470749,(0.63505, 0.0633182, 0.769872)
541533,279477479409,(0.591353, 0.0571812, 0.804383)
541534,279477488077,(0.55077, 0.0563095, 0.832756)
541535,279477496754,(0.508873, 0.0555242, 0.859049)
541536,279477505455,(0.466127, 0.0590141, 0.882747)
541537,279477514063,(0.422877, 0.0640792, 0.903919)
541538,279477522750,(0.380002, 0.0680656, 0.922478)
541539,279477531436,(0.337337, 0.0710323, 0.9387)
541540,279477540135,(0.296468, 0.0614702, 0.953063)
541541,279477548824,(0.257637, 0.0568147, 0.96457)
541542,279477557603,(0.221977, 0.048395, 0.97385)
541543,279477566124,(0.187431, 0.0293822, 0.981838)
541544,279477574765,(0.155296, 0.021966, 0.987624)
541545,279477583480,(0.12548, 0.0175892, 0.99194)
541546,279477592118,(0.100218, 0.0142983, 0.994863)
541547,279477600850,(0.0772406, 0.0131993, 0.996925)
541548,279477609490,(0.0541004, -0.00219801, 0.998533)
541549,279477618181,(0.0337779, -0.0100539, 0.999379)
541550,279477626873,(0.0147998, -0.0146866, 0.999783)
541551,279477635476,(-0.00197245, -0.020829, 0.999781)
541552,279477644194,(-0.0194213, -0.0299134, 0.999364)
541553,279477652838,(-0.0419511, -0.0370275, 0.998433)
541554,279477661512,(-0.0609027, -0.038741, 0.997392)
541555,279477670186,(-0.0718833, -0.0328681, 0.996871)
541556,279477678883,(-0.0811549, -0.0265589, 0.996348)
541557,279477687668,(-0.0842315, -0.0236986, 0.996164)
541558,279477696243,(-0.0800287, -0.0221596, 0.996546)
541559,279477705111,(-0.0672854, -0.0286758, 0.997322)
541560,279477713591,(-0.0485099, -0.0312683, 0.998333)
541561,279477722219,(-0.0200281, -0.0291655, 0.999374)
541562,279477730878,(0.0127094, -0.0202963, 0.999713)
541563,279477739680,(0.056829, -0.0128953, 0.998301)
541564,279477748267,(0.109764, -0.00137403, 0.993957)
541565,279477756880,(0.169008, 0.00627052, 0.985595)
541566,279477765651,(0.231047, 0.00684879, 0.972918)
541567,279477774236,(0.305908, 0.0170084, 0.951909)
541568,279477782934,(0.378907, 0.0261815, 0.925065)
541569,279477791613,(0.460883, 0.0413913, 0.886495)
541570,279477800254,(0.550942, 0.0380816, 0.833674)
541571,279477808932,(0.634864, 0.0469185, 0.771198)
541572,279477817675,(0.70741, 0.0448772, 0.705377)
541573,279477826265,(0.772553, 0.0401168, 0.633681)
541574,279477834948,(0.825432, 0.0192791, 0.564172)
541575,279477843679,(0.879594, -0.0206235, 0.475278)
541576,279477852303,(0.928238, -0.0716927, 0.365013)
541577,279477860942,(0.959579, -0.0871623, 0.267601)
541578,279477869625,(0.969119, -0.0731047, 0.23551)
541579,279477878330,(0, 0, 0)
541580,279477887094,(0, 0, 0)
541581,279477895615,(0, 0, 0)
541582,279477904320,(0, 0, 0)
541583,279477912992,(0, 0, 0)
541584,279477921660,(0, 0, 0)
541585,279477930327,(0, 0, 0)
541586,279477939162,(0, 0, 0)
541587,279477947705,(0, 0, 0)
541588,279477956318,(0, 0, 0)
541589,279477964967,(0, 0, 0)
541590,279477973882,(0, 0, 0)
541591,279477982335,(0, 0, 0)
541592,279477991043,(0, 0, 0)
541593,279477999728,(0, 0, 0)
541594,279478008394,(0, 0, 0)
541595,279478017052,(0, 0, 0)
541596,279478025778,(0, 0, 0)
541597,279478034413,(0, 0, 0)
541598,279478043039,(0, 0, 0)
541599,279478051734,(0, 0, 0)
541600,279478060410,(0, 0, 0)
541601,279478069069,(0, 0, 0)
541602,279478077745,(0, 0, 0)
541603,279478086449,(0, 0, 0)
541604,279478095046,(0, 0, 0)
541605,279478103735,(0, 0, 0)
541606,279478112435,(0, 0, 0)
541607,279478121065,(0, 0, 0)
541608,279478129828,(0, 0, 0)
541609,279478138423,(0, 0, 0)
541610,279478147128,(0, 0, 0)
541611,279478180425,(0, 0, 0)
541612,279478213829,(0, 0, 0)
541613,279478247034,(0, 0, 0)
541614,279478280353,(0, 0, 0)
541615,279478313693,(0, 0, 0)
541616,279478346948,(0, 0, 0)
541617,279478380377,(0, 0, 0)
541618,279478413613,(0, 0, 0)
541619,279478446941,(0, 0, 0)
541620,279478480250,(0, 0, 0)
541621,279478513497,(0, 0, 0)
541622,279478546903,(0, 0, 0)
